CMT 2007  9 28 01 35 59.00 -21.3200  -169.1700  21.0 6.9 6.9 200709280135
event name:     200709280135
time shift:      0.0000
half duration:   0.0000
latitude:       -21.32
longitude:       169.17
depth:           21.00
Mrr:    1.570000e+25
Mtt:    0.075000e+25
Mpp:    -1.65000e+25
Mrt:    1.160000e+25
Mrp:    -2.67000e+25
Mtp:    1.000000e+25
